#Mount Rainier Island save game
#Sat Aug 08 14:07:47 CEST 2020
hero_y=787.80615
hero_z=851.82947
time_sec=2643.45430069993
hero_x=1127.7839
