#Mount Rainier Island save game
#Tue Jul 14 21:55:06 CEST 2020
hero_y=679.06995
hero_z=854.70544
time_sec=1898.5041341000178
hero_x=1100.5643
