#Mount Rainier Island save game
#Sat Sep 19 23:01:36 CEST 2020
time_sec=501.53930189996026
hero_z=853.15454
hero_y=809.2677
hero_x=1282.6097
